-31.0 0
-30.9 0
-30.8 0
-30.7 0
-30.6 0
-30.5 0
-30.4 0
-30.3 0
-30.2 0
-30.1 0
-30.0 0
-29.9 0
-29.8 0
-29.7 0
-29.6 0
-29.5 0
-29.4 0
-29.3 0
-29.2 0
-29.1 0
-29.0 0
-28.9 0
-28.8 0
-28.7 0
-28.6 0
-28.5 0
-28.4 0
-28.3 0
-28.2 0
-28.1 0
-28.0 0
-27.9 0
-27.8 0
-27.7 0
-27.6 0
-27.5 0
-27.4 0
-27.3 0
-27.2 -4.605705
-27.1 -5.928884782608694
-27.0 -7.931385833333333
-26.9 -9.327422619047617
-26.8 -10.779582187499999
-26.7 -11.946995714285714
-26.6 -12.673761842105263
-26.5 -13.656933333333333
-26.4 -14.324147368421055
-26.3 -14.727670588235293
-26.2 -15.197030088495568
-26.1 -15.572756310679614
-26.0 -15.844132999999998
-25.9 -16.193429824561402
-25.8 -16.344070085470086
-25.7 -16.506167796610168
-25.6 -16.54123693693693
-25.5 -16.761765972222225
-25.4 -16.728967175572514
-25.3 -16.829497972972973
-25.2 -16.9629909090909
-25.1 -16.840902721088437
-25.0 -16.905775167785244
-24.9 -16.935862913907282
-24.8 -16.899243333333335
-24.7 -16.86108278145696
-24.6 -16.82819856115109
-24.5 -16.844140939597306
-24.4 -16.725020863309364
-24.3 -16.660737951807228
-24.2 -16.63284329268292
-24.1 -16.602629139072846
-24.0 -16.546265838509324
-23.9 -16.46347555555554
-23.8 -16.38486968085106
-23.7 -16.317570253164554
-23.6 -16.24513333333333
-23.5 -16.188438461538453
-23.4 -16.110374999999998
-23.3 -16.074755172413795
-23.2 -15.978795061728396
-23.1 -15.87706666666666
-23.0 -15.824466666666668
-22.9 -15.758051592356681
-22.8 -15.668945121951221
-22.7 -15.619589887640451
-22.6 -15.53727076023392
-22.5 -15.4994076923077
-22.4 -15.371100561797762
-22.3 -15.332833519553072
-22.2 -15.269495906432743
-22.1 -15.207287719298245
-22.0 -15.135448587570622
-21.9 -15.03636648351649
-21.8 -14.989231720430109
-21.7 -14.928712631578948
-21.6 -14.90643963414634
-21.5 -14.780682098765423
-21.4 -14.74405919540231
-21.3 -14.626535365853666
-21.2 -14.586897916666663
-21.1 -14.55642222222222
-21.0 -14.485899459459464
-20.9 -14.427347530864187
-20.8 -14.38639572192514
-20.7 -14.295793010752691
-20.6 -14.242946874999998
-20.5 -14.180146745562134
-20.4 -14.144867549668877
-20.3 -14.079861999999999
-20.2 -14.039382941176479
-20.1 -13.956534042553193
-20.0 -13.920456185567005
-19.9 -13.912429281767958
-19.8 -13.810791823899374
-19.7 -13.77599895287958
-19.6 -13.77083867403314
-19.5 -13.673083870967737
-19.4 -13.662991443850267
-19.3 -13.591198453608241
-19.2 -13.580004069767433
-19.1 -13.496973184357541
-19.0 -13.473730722891563
-18.9 -13.405666860465116
-18.8 -13.363336464088396
-18.7 -13.34296413043479
-18.6 -13.326134302325586
-18.5 -13.259514367816093
-18.4 -13.225422167487682
-18.3 -13.185037234042555
-18.2 -13.20804662576687
-18.1 -13.144584946236558
-18.0 -13.10102832369942
-17.9 -13.077508227848107
-17.8 -13.055675401069513
-17.7 -13.007390055248623
-17.6 -13.005885483870971
-17.5 -12.962635483870962
-17.4 -12.945921290322582
-17.3 -12.940018749999998
-17.2 -12.92279306930693
-17.1 -12.827054597701157
-17.0 -12.856128977272737
-16.9 -12.779735204081627
-16.8 -12.789520454545459
-16.7 -12.760420245398773
-16.6 -12.758292631578946
-16.5 -12.702178282828283
-16.4 -12.689052406417115
-16.3 -12.686509045226135
-16.2 -12.618475647668385
-16.1 -12.619942473118277
-16.0 -12.63418402061855
-15.9 -12.568287362637363
-15.8 -12.568438118811883
-15.7 -12.514664634146348
-15.6 -12.4757755
-15.5 -12.483169032258065
-15.4 -12.405537500000003
-15.3 -12.403365921787712
-15.2 -12.322527222222226
-15.1 -12.315779695431477
-15.0 -12.326108021390366
-14.9 -12.337806779661012
-14.8 -12.231033870967739
-14.7 -12.213130726256981
-14.6 -12.180856741573036
-14.5 -12.187109359605914
-14.4 -12.076870700636942
-14.3 -12.017762318840578
-14.2 -11.995545555555552
-14.1 -11.960596590909097
-14.0 -11.920764942528736
-13.9 -11.928073493975901
-13.8 -11.81311257861635
-13.7 -11.775019653179184
-13.6 -11.707295580110502
-13.5 -11.679744736842105
-13.4 -11.605734857142854
-13.3 -11.511436309523805
-13.2 -11.462696756756756
-13.1 -11.48400405405405
-13.0 -11.4281581920904
-12.9 -11.353607125748507
-12.8 -11.28108465909091
-12.7 -11.205034058823527
-12.6 -11.225128446601945
-12.5 -11.094949212962964
-12.4 -11.103538934911246
-12.3 -10.995050177514793
-12.2 -10.99072706521739
-12.1 -10.90555198979593
-12.0 -10.880440358974365
-11.9 -10.861485496688742
-11.8 -10.766555049019612
-11.7 -10.68876852459016
-11.6 -10.672151435897437
-11.5 -10.606820299401196
-11.4 -10.629169186602873
-11.3 -10.589038478260871
-11.2 -10.486701322751328
-11.1 -10.435806666666668
-11.0 -10.34405647368421
-10.9 -10.285153355704692
-10.8 -10.235322994923859
-10.7 -10.303850700636938
-10.6 -10.202060391061451
-10.5 -10.133904285714285
-10.4 -10.096592022471906
-10.3 -10.091935376884413
-10.2 -10.093760999999997
-10.1 -10.032549831460669
-10.0 -9.95193441860464
-9.9 -9.884276531531535
-9.8 -9.794537575757575
-9.7 -9.772205393258428
-9.6 -9.774809746835441
-9.5 -9.728948985507243
-9.4 -9.665206310160427
-9.3 -9.673317243243245
-9.2 -9.632139374999992
-9.1 -9.625060103092785
-9.0 -9.545409156626503
-8.9 -9.663167750000003
-8.8 -9.435250240963857
-8.7 -9.314768914285716
-8.6 -9.365587222222228
-8.5 -9.337351875
-8.4 -9.370416994219655
-8.3 -9.306079900497517
-8.2 -9.214368241206024
-8.1 -9.277032426035506
-8.0 -9.23146403225806
-7.9 -9.174487445652176
-7.8 -9.0740168707483
-7.7 -8.981274528301885
-7.6 -8.979352835051547
-7.5 -9.073993567251458
-7.4 -8.883312857142862
-7.3 -8.938254554455446
-7.2 -8.921062222222224
-7.1 -8.964661090909095
-7.0 -8.896725894736838
-6.9 -8.875836117021272
-6.8 -8.855884009900986
-6.7 -8.67688039548022
-6.6 -8.718740211640215
-6.5 -8.787709543147209
-6.4 -8.657135658536582
-6.3 -8.512572355769228
-6.2 -8.516236335078537
-6.1 -8.593615631578945
-6.0 -8.546411173184362
-5.9 -8.557932604166659
-5.8 -8.409160109890115
-5.7 -8.376228944444442
-5.6 -8.367175773195877
-5.5 -8.439267172774864
-5.4 -8.21921364640884
-5.3 -8.299974662921352
-5.2 -8.281819086021507
-5.1 -8.20906312883436
-5.0 -8.133438316326531
-4.9 -8.164045495049509
-4.8 -8.039439615384612
-4.7 -8.008552590361441
-4.6 -8.052195222222226
-4.5 -8.014322096774197
-4.4 -7.969779521276595
-4.3 -7.912025572916665
-4.2 -7.860137462686567
-4.1 -7.798286610169493
-4.0 -7.839880355029587
-3.9 -7.832430254777072
-3.8 -7.748234972375691
-3.7 -7.6658661235955075
-3.6 -7.611155193370164
-3.5 -7.557583482587068
-3.4 -7.598936860465119
-3.3 -7.5179839263803725
-3.2 -7.5247049068323
-3.1 -7.420525159574468
-3.0 -7.442401230769229
-2.9 -7.3726732967032955
-2.8 -7.381808787878789
-2.7 -7.307979171270714
-2.6 -7.361240559006214
-2.5 -7.2402079190751465
-2.4 -7.266552565445027
-2.3 -7.176353195876289
-2.2 -7.105991999999999
-2.1 -7.017021888888888
-2.0 -7.004721557788945
-1.9 -7.018937589743592
-1.8 -6.937768651685393
-1.7 -6.985155436893202
-1.6 -6.933397357512953
-1.5 -6.848400212765957
-1.4 -6.794499820359281
-1.3 -6.735861041666664
-1.2 -6.759403136094675
-1.1 -6.603998131868131
-1.0 -6.544761097560974
-0.9 -6.609802634408604
-0.8 -6.541103919597988
-0.7 -6.494384512820517
-0.6 -6.428080047393365
-0.4 -6.403660975609755
-0.3 -6.363846000000003
-0.2 -6.242437783505154
-0.1 -6.228659158878502
-0.0 -6.174293703703706
0.1 -6.136527368421053
0.2 -6.151267643678158
0.3 -6.073731282051284
0.4 -5.993880585106381
0.5 -5.9070063440860165
0.6 -5.899137341040461
0.7 -5.931216593886465
0.8 -5.886885781249998
0.9 -5.8652481967213115
1.0 -5.788546818181811
1.1 -5.8084955555555595
1.2 -5.7044943715846985
1.3 -5.639067549999996
1.4 -5.674876548223351
1.5 -5.699042745098044
1.6 -5.621205217391305
1.7 -5.505506274509806
1.8 -5.540451315789472
1.9 -5.424138300653596
2.0 -5.203120792079206
2.1 -5.248090789473685
2.2 -5.137071696428572
2.3 -5.064468083333334
2.4 -4.882068055555557
2.5 -4.817664307692305
2.6 -4.680732032520323
2.7 -4.532847391304349
2.8 -4.340684779874215
2.9 -4.278111199999998
3.0 -3.9721935885167423
3.1 -3.895491573033707
3.2 -3.640345024630542
3.3 -3.560949499999999
3.4 -3.324383348837208
3.5 -3.310988540540543
3.6 -3.176014331550801
3.7 -2.9451310309278353
3.8 -2.835056476683937
3.9 -2.750100348258706
4.0 -2.6026323837209286
4.1 -2.5068698499999993
4.2 -2.3621702285714288
4.3 -2.3090320744680852
4.4 -2.2642596256684495
4.5 -2.20740713483146
4.6 -2.062917296482412
4.7 -1.9783965989847707
4.8 -1.9323062122641512
4.9 -1.8582899005524862
5.0 -1.7590563076923078
5.1 -1.7248946497461928
5.2 -1.6516454285714293
5.3 -1.5867532173913055
5.4 -1.5171000892857147
5.5 -1.5269902061855656
5.6 -1.4102203497536945
5.7 -1.399683827751197
5.8 -1.3322099125683058
5.9 -1.2708440860215053
6.0 -1.2696323163265302
6.1 -1.074759261616161
6.2 -1.1314539808917197
6.3 -1.0664046236559137
6.4 -1.1010537405405407
6.5 -0.9604644971428572
6.6 -1.0274165517241383
6.7 -1.046106565217391
6.8 -0.9621193526011561
6.9 -0.9140818839779002
7.0 -0.8041934199999994
7.1 -0.8398644704545457
7.2 -0.799907418367347
7.3 -0.753461623149171
7.4 -0.7524388263681596
7.5 -0.6756386531914894
7.6 -0.6758738690721648
7.7 -0.7145454336756755
7.8 -0.6319417520869564
7.9 -0.6231386775252525
8.0 -0.5840565813297872
8.1 -0.6163870505102038
8.2 -0.5632191313575419
8.3 -0.5294827135434784
8.4 -0.4813345803160195
8.5 -0.5045405273901102
8.6 -0.49931612269398934
8.7 -0.43731058720344906
8.8 -0.440362802338798
8.9 -0.4905575071494379
9.0 -0.38786473986363645
9.1 -0.3995602894118918
9.2 -0.3524612043545025
9.3 -0.3833045960079096
9.4 -0.33623109755414626
9.5 -0.36781137060923913
9.6 -0.37147684928731833
9.7 -0.3033690660032787
9.8 -0.2638759617763636
9.9 -0.3206911192455358
10.0 -0.27951674925026465
10.1 -0.27282467711774
10.2 -0.24841929051308903
10.3 -0.25599105137423134
10.4 -0.21097887114706512
10.5 -0.18659063023299363
10.6 -0.23337374910380432
10.7 -0.19572256437830196
10.8 -0.16639157343904765
10.9 -0.13883477284514284
11.0 -0.15199907025560985
11.1 -0.1334783128513776
11.2 -0.16537055447792345
11.3 -0.14458716625312176
11.4 -0.11946356171098901
11.5 -0.13153091409408604
11.6 -0.12374848681819876
11.7 -0.10701465649130887
11.8 -0.10996218385232556
11.9 -0.09894456781754059
12.0 -0.11287198000297624
12.1 -0.1025114875544944
12.2 -0.1062993614212121
12.3 -0.07644430282797932
12.4 -0.08278008025302593
12.5 -0.07861486295663979
12.6 -0.07930134179265534
12.7 -0.07884994514944446
12.8 -0.06282630289009902
12.9 -0.07095004499661202
13.0 -0.07436622325406146
13.1 -0.05163696976850467
13.2 -0.04560421481277455
13.3 -0.054243692766304356
13.4 -0.04742987501635837
13.5 -0.038869922890909084
13.6 -0.03605507035628417
13.7 -0.03932703925024539
13.8 -0.028010295771960396
13.9 -0.02700364449031412
14.0 -0.030745791481202205
14.1 -0.023207095316831676
14.2 -0.04708997768639053
14.3 -0.022687714086775956
14.4 -0.019566612002072534
14.5 -0.021561357103197676
14.6 -0.015741513090588237
14.7 -0.021394146714009906
14.8 -0.02329117728057804
14.9 -0.01870994355741753
15.0 -0.02272484832905326
15.1 -0.013366008659796954
15.2 -0.009389972048210527
15.3 -0.020024114719553072
15.4 -0.01791682488348066
15.5 -0.006247939070673077
15.6 -0.011352225851666663
15.7 -0.004799389675862069
15.8 -0.0038622754767391296
15.9 -0.007542987201786069
16.0 -0.0052437175434065925
16.1 -0.003619607849101797
16.2 -0.0028159344994978385
16.3 -0.006616191625118484
16.4 -0.004537266034705882
16.5 -0.0023665436755434784
16.6 -0.005038659053710694
16.7 -0.0012352733135028247
16.8 -0.003383459152173912
16.9 -0.004090278058937502
17.0 -0.003541280109693877
17.1 0.002236331007083333
17.2 -0.0010232699221584699
17.3 -0.0004783176655339805
17.4 0.0025450021898214283
17.5 0.0013139851103260867
17.6 0.0012740072539543141
17.7 0.00034890412494791674
17.8 0.000875892354702381
17.9 0.0015496028917098442
18.0 0.003209010622282607
18.1 0.004734170790161291
18.2 0.0042842578354021724
18.3 0.004672260305555554
18.4 0.00420338338332804
18.5 0.003020261414285714
18.6 0.006206369820999997
18.7 0.005036219162049451
18.8 0.006141101708351066
18.9 0.007311288749721396
19.0 0.006214870099504952
19.1 0.006299764006726194
19.2 0.007820845577241376
19.3 0.007376522347300887
19.4 0.0077185046916648055
19.5 0.006737558453998266
19.6 0.007972987451329478
19.7 0.010247371238315787
19.8 0.009581438959496858
19.9 0.008827554441519772
20.0 0.009602686376918917
20.1 0.009135517521550002
20.2 0.01211426181797753
20.3 0.01309505370787356
20.4 0.013671011316607145
20.5 0.013099024012206572
20.6 0.014694217308839774
20.7 0.014650796628415303
20.8 0.01184510629013158
20.9 0.015837282040628998
21.0 0.015548550331472094
21.1 0.015225160274725277
21.2 0.01741331412808988
21.3 0.017616877679381443
21.4 0.01722238557959184
21.5 0.01794371670881772
21.6 0.018920270887931027
21.7 0.018709094953131868
21.8 0.020419174079171275
21.9 0.01891696996229897
22.0 0.024171652848749985
22.1 0.022583431648717938
22.2 0.025859927730061353
22.3 0.024109357588957058
22.4 0.02658788989274611
22.5 0.026952684257575747
22.6 0.027459513395347607
22.7 0.03118182633160621
22.8 0.028825796619696958
22.9 0.03187378696923077
23.0 0.03349200351162791
23.1 0.03364629677835051
23.2 0.03884014493975902
23.3 0.04088063059999999
23.4 0.0410268967785235
23.5 0.04040605719297298
23.6 0.045507078015000035
23.7 0.04666202780346822
23.8 0.04777050052083334
23.9 0.050826122769230764
24.0 0.04700011978835979
24.1 0.05318327086021505
24.2 0.05778012244791666
24.3 0.06123685644970414
24.4 0.06245459391061453
24.5 0.06028132797814208
24.6 0.06721023612565447
24.7 0.07071815664974614
24.8 0.07775340279329611
24.9 0.08040362666666671
25.0 0.08533887772511849
25.1 0.09451650391061454
25.2 0.09775110899470894
25.3 0.10268376526315788
25.4 0.11015714800000004
25.5 0.12052040624999996
25.6 0.12161572287234047
25.7 0.13460165200000007
25.8 0.14392410111111106
25.9 0.14872612463054183
26.0 0.16670776935483875
26.1 0.17511232252747258
26.2 0.1962589344036698
26.3 0.22420085608465598
26.4 0.22501855329670342
26.5 0.24130332499999999
26.6 0.28601839593908635
26.7 0.2959950828729281
26.8 0.3531566488095237
26.9 0.3600990056179776
27.0 0.42164320103092756
27.1 0.4586487864583333
27.2 0.5027221875000001
27.3 0.5970058777777778
27.4 0.6527991789473683
27.5 0.7561889344262293
27.6 0.8507574467005076
27.7 0.9183101352941181
27.8 1.0987155548780492
27.9 1.2738723121019118
28.0 1.4372065182926828
28.1 1.792827875000001
28.2 2.0461170987654325
28.3 2.5377428481012667
28.4 3.060987166666666
28.5 3.777636016260162
28.6 4.870511694915255
28.7 6.258322376237628
28.8 8.652500707070711
28.9 12.298290999999999
29.0 17.900867901234562
29.1 28.463571428571424
29.2 0
29.3 0
29.4 0
29.5 0
29.6 0
29.7 0
29.8 0
29.9 0
30.0 0
