# Number of chains of Species 1 =     1
 
# Actual mol fraction of Species 1 = 1.000

# Actual reduced density, rhostar = 0.001
 
120  atoms
119  bonds

Types

1	1
2	1
3	1
4	1
5	1
6	1
7	1
8	1
9	1
10	1
11	1
12	1
13	1
14	1
15	1
16	1
17	1
18	1
19	1
20	1
21	1
22	1
23	1
24	1
25	1
26	1
27	1
28	1
29	1
30	1
31	1
32	1
33	1
34	1
35	1
36	1
37	1
38	1
39	1
40	1
41	1
42	1
43	1
44	1
45	1
46	1
47	1
48	1
49	1
50	1
51	1
52	1
53	1
54	1
55	1
56	1
57	1
58	1
59	1
60	1
61	1
62	1
63	1
64	1
65	1
66	1
67	1
68	1
69	1
70	1
71	1
72	1
73	1
74	1
75	1
76	1
77	1
78	1
79	1
80	1
81	1
82	1
83	1
84	1
85	1
86	1
87	1
88	1
89	1
90	1
91	1
92	1
93	1
94	1
95	1
96	1
97	1
98	1
99	1
100	1
101	1
102	1
103	1
104	1
105	1
106	1
107	1
108	1
109	1
110	1
111	1
112	1
113	1
114	1
115	1
116	1
117	1
118	1
119	1
120	1

 
Coords

        1	6.3055	-23.8474	21.2888
	2	6.4767	-24.6448	21.8139
	3	5.9628	-24.8956	22.5973
	4	5.175	-24.7776	23.1508
	5	5.262	-23.8167	23.2506
	6	4.3747	-23.5931	22.9289
	7	4.3821	-23.2185	22.0342
	8	3.826	-22.4886	21.7196
	9	4.1454	-22.7979	20.8575
	10	4.2968	-22.469	        19.9577
	11	5.2152	-22.3233	19.6814
	12	5.3517	-22.6478	20.5853
	13	5.9003	-22.9905	21.3081
	14	6.2003	-23.7789	20.8292
	15	5.7235	-23.9521	20.0024
	16	5.6301	-24.904	        20.1642
	17	6.3523	-24.8817	20.8114
	18	5.9181	-24.1173	21.2214
	19	5.9036	-23.1819	21.4778
	20	6.6872	-22.9871	22.0152
	21	6.3482	-23.892	        22.0998
	22	6.0164	-24.1722	21.2324
	23	5.7607	-23.6071	20.4867
	24	6.493	-23.326	        19.9159
	25	6.369	-23.7605	19.0576
	26	5.429	-23.9997	19.0468
	27	5.4171	-23.0299	19.0309
	28	4.7783	-22.5157	19.549
	29	4.5479	-23.3354	20.0137
	30	4.2201	-24.0887	19.498
	31	4.5133	-24.7601	20.1337
	32	5.3173	-24.253	        20.3267
	33	5.3944	-23.769	        21.1638
	34	4.6666	-23.1277	21.1557
	35	5.5509	-22.7629	20.9952
	36	6.285	-22.2041	21.2949
	37	6.1203	-21.8421	20.4101
	38	5.8546	-20.9682	20.7365
	39	6.3277	-20.2	        21.0928
	40	5.8498	-20.0205	21.9176
	41	5.0689	-19.8724	22.4736
	42	4.3182	-19.8417	23.0871
	43	4.9632	-20.2487	23.6863
	44	5.5925	-20.8588	23.2707
	45	6.3183	-20.5808	22.6904
	46	7.2487	-20.8534	22.7222
	47	8.0541	-20.3182	22.7985
	48	7.3322	-19.6725	22.8509
	49	6.9576	-20.1438	23.6114
	50	6.3324	-20.8123	23.9326
	51	6.5949	-21.7451	23.8894
	52	7.2719	-21.2227	23.4315
	53	7.7947	-20.4319	23.6373
	54	7.908	-20.427	        22.674
	55	7.5205	-21.3145	22.6195
	56	7.223	-21.1563	21.71
	57	7.5943	-20.4044	21.2225
	58	8.2548	-20.7611	20.6083
	59	8.7532	-21.0915	21.3721
	60	8.4882	-21.6434	22.1245
	61	7.8064	-21.9851	21.5251
	62	7.884	-21.0185	21.5052
	63	6.9849	-20.7094	21.3128
	64	6.5664	-21.5702	21.1554
	65	6.1324	-21.4985	20.2909
	66	5.1851	-21.6202	20.4603
	67	5.0119	-22.4633	20.0131
	68	4.3316	-22.7088	20.6595
	69	3.7466	-22.3831	19.9576
	70	2.9941	-22.3569	19.3461
	71	2.8134	-22.8158	20.1813
	72	2.7262	-23.5256	20.8368
	73	1.8994	-23.2733	21.2768
	74	0.9396	-23.1932	21.1617
	75	0.2366	-23.8572	21.0855
	76	0.0989	-24.7919	20.866
	77	-0.1029	-24.3805	20.0111
	78	-0.6012	-23.8377	19.3802
	79	-1.1548	-23.1428	19.7695
	80	-0.9865	-23.1958	20.7233
	81	-0.6773	-22.3004	20.9321
	82	-1.5724	-22.2462	20.5622
	83	-2.4251	-22.6864	20.4208
	84	-2.8023	-22.7365	21.3131
	85	-2.8257	-23.579	        21.7932
	86	-3.7037	-23.976 	21.9048
	87	-4.3898	-24.3415	21.3247
	88	-5.0062	-24.7594	20.7031
	89	-4.6163	-24.205 	20.0093
	90	-4.2012	-24.606 	19.2297
	91	-3.3799	-24.0901	19.2142
	92	-3.0643	-23.1831	19.3505
	93	-3.5317	-23.4615	20.1536
	94	-3.8388	-23.0225	20.9622
	95	-4.5816	-22.811 	20.3754
	96	-4.7883	-22.1138	21.0173
	97	-4.3387	-21.7007	21.771
	98	-3.6829	-22.3781	21.5432
	99	-3.0145	-22.2058	20.8617
	100	-3.6999	-22.3471	20.19
	101	-3.7776	-21.5285	20.7046
	102	-3.8239	-20.997 	19.8946
	103	-2.884	-21.2308	19.9468
	104	-2.4049	-21.0666	19.1195
	105	-3.2478	-20.9245	18.6609
	106	-3.8578	-20.7889	19.4027
	107	-3.4597	-21.202 	20.1849
	108	-3.5609	-22.0938	19.8169
	109	-4.0805	-22.0149	20.6321
	110	-3.8433	-21.0967	20.4281
	111	-3.893	-20.7646	19.5181
	112	-3.154	-20.6733	18.8964
	113	-2.6705	-20.8526	18.0749
	114	-1.8442	-21.2149	18.4311
	115	-1.6208	-21.736 	19.2181
	116	-1.9917	-21.0503	19.7952
	117	-1.3933	-20.746 	20.4954
	118	-1.123	-21.6602	20.3162
	119	-1.5932	-22.0501	21.0697
	120	-2.2321	-21.7   	21.7101
 
Bonds
 
        1  1        1        2
        2  1        2        3
        3  1        3        4
        4  1        4        5
        5  1        5        6
        6  1        6        7
        7  1        7        8
        8  1        8        9
        9  1        9       10
       10  1       10       11
       11  1       11       12
       12  1       12       13
       13  1       13       14
       14  1       14       15
       15  1       15       16
       16  1       16       17
       17  1       17       18
       18  1       18       19
       19  1       19       20
       20  1       20       21
       21  1       21       22
       22  1       22       23
       23  1       23       24
       24  1       24       25
       25  1       25       26
       26  1       26       27
       27  1       27       28
       28  1       28       29
       29  1       29       30
       30  1       30       31
       31  1       31       32
       32  1       32       33
       33  1       33       34
       34  1       34       35
       35  1       35       36
       36  1       36       37
       37  1       37       38
       38  1       38       39
       39  1       39       40
       40  1       40       41
       41  1       41       42
       42  1       42       43
       43  1       43       44
       44  1       44       45
       45  1       45       46
       46  1       46       47
       47  1       47       48
       48  1       48       49
       49  1       49       50
       50  1       50       51
       51  1       51       52
       52  1       52       53
       53  1       53       54
       54  1       54       55
       55  1       55       56
       56  1       56       57
       57  1       57       58
       58  1       58       59
       59  1       59       60
       60  1       60       61
       61  1       61       62
       62  1       62       63
       63  1       63       64
       64  1       64       65
       65  1       65       66
       66  1       66       67
       67  1       67       68
       68  1       68       69
       69  1       69       70
       70  1       70       71
       71  1       71       72
       72  1       72       73
       73  1       73       74
       74  1       74       75
       75  1       75       76
       76  1       76       77
       77  1       77       78
       78  1       78       79
       79  1       79       80
       80  1       80       81
       81  1       81       82
       82  1       82       83
       83  1       83       84
       84  1       84       85
       85  1       85       86
       86  1       86       87
       87  1       87       88
       88  1       88       89
       89  1       89       90
       90  1       90       91
       91  1       91       92
       92  1       92       93
       93  1       93       94
       94  1       94       95
       95  1       95       96
       96  1       96       97
       97  1       97       98
       98  1       98       99
       99  1       99      100
      100  1      100      101
      101  1      101      102
      102  1      102      103
      103  1      103      104
      104  1      104      105
      105  1      105      106
      106  1      106      107
      107  1      107      108
      108  1      108      109
      109  1      109      110
      110  1      110      111
      111  1      111      112
      112  1      112      113
      113  1      113      114
      114  1      114      115
      115  1      115      116
      116  1      116      117
      117  1      117      118
      118  1      118      119
      119  1      119      120
