-31.0 0
-30.9 0
-30.8 0
-30.7 0
-30.6 0
-30.5 0
-30.4 0
-30.3 0
-30.2 0
-30.1 0
-30.0 0
-29.9 0
-29.8 0
-29.7 0
-29.6 0
-29.5 6.0
-29.4 60.0
-29.3 123.0
-29.2 122.0
-29.1 105.0
-29.0 91.0
-28.9 78.0
-28.8 72.0
-28.7 70.0
-28.6 68.0
-28.5 64.0
-28.4 71.0
-28.3 74.0
-28.2 76.0
-28.1 69.0
-28.0 61.0
-27.9 70.0
-27.8 67.0
-27.7 56.0
-27.6 61.0
-27.5 65.0
-27.4 48.0
-27.3 48.0
-27.2 57.0
-27.1 58.0
-27.0 58.0
-26.9 54.0
-26.8 59.0
-26.7 56.0
-26.6 45.0
-26.5 53.0
-26.4 62.0
-26.3 57.0
-26.2 60.0
-26.1 51.0
-26.0 49.0
-25.9 60.0
-25.8 62.0
-25.7 60.0
-25.6 54.0
-25.5 57.0
-25.4 73.0
-25.3 65.0
-25.2 57.0
-25.1 62.0
-25.0 70.0
-24.9 70.0
-24.8 58.0
-24.7 56.0
-24.6 56.0
-24.5 56.0
-24.4 59.0
-24.3 70.0
-24.2 67.0
-24.1 73.0
-24.0 68.0
-23.9 55.0
-23.8 59.0
-23.7 55.0
-23.6 54.0
-23.5 60.0
-23.4 70.0
-23.3 67.0
-23.2 52.0
-23.1 44.0
-23.0 44.0
-22.9 47.0
-22.8 50.0
-22.7 53.0
-22.6 60.0
-22.5 64.0
-22.4 61.0
-22.3 54.0
-22.2 54.0
-22.1 61.0
-22.0 55.0
-21.9 61.0
-21.8 64.0
-21.7 54.0
-21.6 54.0
-21.5 53.0
-21.4 53.0
-21.3 56.0
-21.2 53.0
-21.1 57.0
-21.0 59.0
-20.9 56.0
-20.8 62.0
-20.7 75.0
-20.6 84.0
-20.5 78.0
-20.4 66.0
-20.3 65.0
-20.2 68.0
-20.1 67.0
-20.0 62.0
-19.9 52.0
-19.8 53.0
-19.7 60.0
-19.6 66.0
-19.5 62.0
-19.4 60.0
-19.3 58.0
-19.2 58.0
-19.1 67.0
-19.0 77.0
-18.9 60.0
-18.8 61.0
-18.7 82.0
-18.6 72.0
-18.5 66.0
-18.4 62.0
-18.3 73.0
-18.2 79.0
-18.1 65.0
-18.0 64.0
-17.9 76.0
-17.8 81.0
-17.7 84.0
-17.6 83.0
-17.5 69.0
-17.4 70.0
-17.3 79.0
-17.2 73.0
-17.1 72.0
-17.0 74.0
-16.9 75.0
-16.8 70.0
-16.7 61.0
-16.6 68.0
-16.5 68.0
-16.4 66.0
-16.3 67.0
-16.2 79.0
-16.1 74.0
-16.0 69.0
-15.9 79.0
-15.8 60.0
-15.7 61.0
-15.6 76.0
-15.5 70.0
-15.4 66.0
-15.3 69.0
-15.2 67.0
-15.1 74.0
-15.0 83.0
-14.9 70.0
-14.8 58.0
-14.7 50.0
-14.6 50.0
-14.5 59.0
-14.4 70.0
-14.3 78.0
-14.2 88.0
-14.1 86.0
-14.0 63.0
-13.9 64.0
-13.8 85.0
-13.7 74.0
-13.6 63.0
-13.5 84.0
-13.4 86.0
-13.3 71.0
-13.2 55.0
-13.1 60.0
-13.0 77.0
-12.9 83.0
-12.8 73.0
-12.7 60.0
-12.6 69.0
-12.5 73.0
-12.4 66.0
-12.3 73.0
-12.2 75.0
-12.1 68.0
-12.0 78.0
-11.9 90.0
-11.8 83.0
-11.7 78.0
-11.6 76.0
-11.5 80.0
-11.4 84.0
-11.3 76.0
-11.2 75.0
-11.1 75.0
-11.0 72.0
-10.9 70.0
-10.8 74.0
-10.7 75.0
-10.6 69.0
-10.5 61.0
-10.4 69.0
-10.3 83.0
-10.2 85.0
-10.1 76.0
-10.0 72.0
-9.9 68.0
-9.8 68.0
-9.7 78.0
-9.6 69.0
-9.5 60.0
-9.4 74.0
-9.3 73.0
-9.2 65.0
-9.1 68.0
-9.0 72.0
-8.9 79.0
-8.8 75.0
-8.7 71.0
-8.6 65.0
-8.5 54.0
-8.4 66.0
-8.3 67.0
-8.2 62.0
-8.1 56.0
-8.0 49.0
-7.9 60.0
-7.8 62.0
-7.7 57.0
-7.6 60.0
-7.5 69.0
-7.4 65.0
-7.3 53.0
-7.2 49.0
-7.1 54.0
-7.0 61.0
-6.9 62.0
-6.8 61.0
-6.7 61.0
-6.6 66.0
-6.5 62.0
-6.4 49.0
-6.3 51.0
-6.2 49.0
-6.1 58.0
-6.0 76.0
-5.9 67.0
-5.8 54.0
-5.7 61.0
-5.6 58.0
-5.5 48.0
-5.4 58.0
-5.3 63.0
-5.2 48.0
-5.1 51.0
-5.0 57.0
-4.9 64.0
-4.8 62.0
-4.7 47.0
-4.6 51.0
-4.5 57.0
-4.4 59.0
-4.3 51.0
-4.2 40.0
-4.1 47.0
-4.0 51.0
-3.9 50.0
-3.8 52.0
-3.7 60.0
-3.6 67.0
-3.5 56.0
-3.4 57.0
-3.3 64.0
-3.2 55.0
-3.1 46.0
-3.0 49.0
-2.9 59.0
-2.8 61.0
-2.7 58.0
-2.6 70.0
-2.5 73.0
-2.4 60.0
-2.3 69.0
-2.2 69.0
-2.1 52.0
-2.0 54.0
-1.9 59.0
-1.8 56.0
-1.7 57.0
-1.6 60.0
-1.5 58.0
-1.4 55.0
-1.3 56.0
-1.2 60.0
-1.1 56.0
-1.0 47.0
-0.9 50.0
-0.8 68.0
-0.7 72.0
-0.6 66.0
-0.4 76.0
-0.3 66.0
-0.2 58.0
-0.1 58.0
-0.0 30.0
0.1 0
0.2 0
0.3 0
0.4 0
0.5 0
0.6 0
0.7 0
0.8 0
0.9 0
1.0 0
1.1 0
1.2 0
1.3 0
1.4 0
1.5 0
1.6 0
1.7 0
1.8 0
1.9 0
2.0 0
2.1 0
2.2 0
2.3 0
2.4 0
2.5 0
2.6 0
2.7 0
2.8 0
2.9 0
3.0 0
3.1 0
3.2 0
3.3 0
3.4 0
3.5 0
3.6 0
3.7 0
3.8 0
3.9 0
4.0 0
4.1 0
4.2 0
4.3 0
4.4 0
4.5 0
4.6 0
4.7 0
4.8 0
4.9 0
5.0 0
5.1 0
5.2 0
5.3 0
5.4 0
5.5 0
5.6 0
5.7 0
5.8 0
5.9 0
6.0 0
6.1 0
6.2 0
6.3 0
6.4 0
6.5 0
6.6 0
6.7 0
6.8 0
6.9 0
7.0 0
7.1 0
7.2 0
7.3 0
7.4 0
7.5 0
7.6 0
7.7 0
7.8 0
7.9 0
8.0 0
8.1 0
8.2 0
8.3 0
8.4 0
8.5 0
8.6 0
8.7 0
8.8 0
8.9 0
9.0 0
9.1 0
9.2 0
9.3 0
9.4 0
9.5 0
9.6 0
9.7 0
9.8 0
9.9 0
10.0 0
10.1 0
10.2 0
10.3 0
10.4 0
10.5 0
10.6 0
10.7 0
10.8 0
10.9 0
11.0 0
11.1 0
11.2 0
11.3 0
11.4 0
11.5 0
11.6 0
11.7 0
11.8 0
11.9 0
12.0 0
12.1 0
12.2 0
12.3 0
12.4 0
12.5 0
12.6 0
12.7 0
12.8 0
12.9 0
13.0 0
13.1 0
13.2 0
13.3 0
13.4 0
13.5 0
13.6 0
13.7 0
13.8 0
13.9 0
14.0 0
14.1 0
14.2 0
14.3 0
14.4 0
14.5 0
14.6 0
14.7 0
14.8 0
14.9 0
15.0 0
15.1 0
15.2 0
15.3 0
15.4 0
15.5 0
15.6 0
15.7 0
15.8 0
15.9 0
16.0 0
16.1 0
16.2 0
16.3 0
16.4 0
16.5 0
16.6 0
16.7 0
16.8 0
16.9 0
17.0 0
17.1 0
17.2 0
17.3 0
17.4 0
17.5 0
17.6 0
17.7 0
17.8 0
17.9 0
18.0 0
18.1 0
18.2 0
18.3 0
18.4 0
18.5 0
18.6 0
18.7 0
18.8 0
18.9 0
19.0 0
19.1 0
19.2 0
19.3 0
19.4 0
19.5 0
19.6 0
19.7 0
19.8 0
19.9 0
20.0 0
20.1 0
20.2 0
20.3 0
20.4 0
20.5 0
20.6 0
20.7 0
20.8 0
20.9 0
21.0 0
21.1 0
21.2 0
21.3 0
21.4 0
21.5 0
21.6 0
21.7 0
21.8 0
21.9 0
22.0 0
22.1 0
22.2 0
22.3 0
22.4 0
22.5 0
22.6 0
22.7 0
22.8 0
22.9 0
23.0 0
23.1 0
23.2 0
23.3 0
23.4 0
23.5 0
23.6 0
23.7 0
23.8 0
23.9 0
24.0 0
24.1 0
24.2 0
24.3 0
24.4 0
24.5 0
24.6 0
24.7 0
24.8 0
24.9 0
25.0 0
25.1 0
25.2 0
25.3 0
25.4 0
25.5 0
25.6 0
25.7 0
25.8 0
25.9 0
26.0 0
26.1 0
26.2 0
26.3 0
26.4 0
26.5 0
26.6 0
26.7 0
26.8 0
26.9 0
27.0 0
27.1 0
27.2 0
27.3 0
27.4 0
27.5 0
27.6 0
27.7 0
27.8 0
27.9 0
28.0 0
28.1 0
28.2 0
28.3 0
28.4 0
28.5 0
28.6 0
28.7 0
28.8 0
28.9 0
29.0 0
29.1 0
29.2 0
29.3 0
29.4 0
29.5 0
29.6 0
29.7 0
29.8 0
29.9 0
30.0 0
